38750.57627860335
50
0 152 155 65 31 0
0 153 183 43 184 0
0 179 8 77 146 0
0 68 163 34 170 0
0 144 149 76 131 0
0 90 4 159 189 0
0 160 145 148 193 0
0 60 164 115 16 0
0 196 142 11 46 0
0 119 47 29 1 0
0 130 73 133 87 0
0 72 51 69 6 0
0 118 150 18 122 0
0 28 167 190 198 0
0 158 13 89 53 0
0 195 41 84 75 0
0 176 17 147 113 0
0 109 83 191 98 0
0 121 15 93 55 0
0 24 138 175 124 0
0 7 5 125 192 0
0 86 85 107 187 0
0 127 104 27 112 0
0 169 52 108 50 0
0 36 20 174 188 0
0 105 0 81 136 0
0 25 32 3 96 0
0 126 171 61 141 0
0 10 59 94 37 0
0 129 91 143 181 0
0 182 95 33 156 0
0 100 39 64 186 0
0 166 168 54 38 0
0 140 19 12 70 0
0 177 180 165 92 0
0 111 161 48 56 0
0 40 162 99 57 0
0 135 102 137 58 0
0 128 42 79 101 0
0 197 97 74 88 0
0 132 123 21 157 0
0 78 71 106 62 0
0 134 67 120 14 0
0 9 26 185 172 0
0 117 139 23 22 0
0 45 66 2 114 0
0 103 44 110 173 0
0 30 82 178 116 0
0 154 151 80 63 0
0 194 49 35 0
