32173.20043353115
40
0 81 136 152 157 21 0
0 77 166 9 82 143 0
0 196 153 67 134 10 0
0 115 164 87 33 16 0
0 149 148 114 39 100 0
0 11 194 28 130 23 0
0 60 62 22 117 29 0
0 129 184 91 181 123 0
0 120 80 63 167 198 0
0 125 93 55 177 15 0
0 197 118 150 192 8 0
0 73 195 44 110 173 0
0 6 64 126 2 145 0
0 162 99 0 132 30 0
0 144 98 191 109 176 0
0 92 165 180 137 102 0
0 122 18 170 42 128 0
0 103 4 159 90 163 0
0 1 119 47 66 45 0
0 131 25 32 3 96 0
0 17 179 160 113 147 0
0 35 70 12 19 14 0
0 127 104 94 59 79 0
0 121 138 36 27 101 0
0 171 61 65 155 141 0
0 146 68 97 88 74 0
0 7 175 112 24 34 0
0 78 106 142 46 139 0
0 189 156 107 187 5 0
0 50 108 75 140 190 0
0 178 116 31 185 172 0
0 86 85 135 124 58 0
0 71 168 54 38 26 0
0 43 49 183 151 154 0
0 72 111 161 56 48 0
0 52 169 84 41 133 0
0 158 13 182 20 89 0
0 51 76 40 105 186 0
0 174 37 188 95 53 0
0 57 83 69 193 0
