49267.379305002134
67
0 189 187 86 0
0 48 56 98 0
0 193 148 114 0
0 10 117 78 0
0 80 19 151 0
0 112 138 36 0
0 77 145 149 0
0 174 188 94 0
0 2 66 45 0
0 41 84 140 0
0 157 21 61 0
0 166 54 38 0
0 55 92 180 0
0 3 81 32 0
0 134 120 154 0
0 146 163 68 0
0 50 108 12 0
0 191 83 109 0
0 95 16 33 0
0 70 35 178 0
0 1 119 100 0
0 101 79 27 0
0 26 116 82 0
0 47 29 39 0
0 170 24 125 0
0 156 107 102 0
0 192 150 122 0
0 139 23 22 0
0 89 20 59 0
0 184 9 181 0
0 190 198 194 0
0 25 96 105 0
0 17 197 118 0
0 11 142 153 0
0 124 135 58 0
0 51 69 6 0
0 136 152 172 0
0 173 110 44 0
0 63 14 67 0
0 5 7 93 0
0 143 31 185 0
0 121 15 177 0
0 106 46 196 0
0 175 158 13 0
0 128 34 18 0
0 90 159 4 0
0 85 137 165 0
0 176 179 144 0
0 111 161 72 0
0 97 74 88 0
0 75 52 169 0
0 57 0 132 0
0 62 115 60 0
0 64 40 126 0
0 183 49 43 0
0 162 99 30 0
0 87 164 130 0
0 141 155 65 0
0 8 147 160 0
0 103 195 167 0
0 76 186 131 0
0 37 53 182 0
0 71 168 129 0
0 123 171 91 0
0 133 73 28 0
0 42 127 104 0
0 113 0
