27478.153373152247
34
0 143 185 172 82 116 31 0
0 92 58 102 107 156 188 0
0 77 68 163 97 146 98 0
0 16 33 187 85 86 175 0
0 18 36 20 53 182 89 0
0 21 141 155 65 61 171 0
0 191 83 109 176 144 179 0
0 17 197 118 150 192 8 0
0 87 164 159 4 90 121 0
0 153 70 35 49 178 91 0
0 161 69 131 6 56 48 0
0 134 14 80 63 194 106 0
0 25 32 96 3 81 40 0
0 122 125 13 158 138 112 0
0 64 162 129 38 54 196 0
0 29 168 71 142 46 11 0
0 67 120 154 151 183 43 0
0 19 12 50 140 190 28 0
0 128 79 101 78 139 117 0
0 75 41 84 169 52 108 0
0 72 111 51 76 193 149 0
0 88 24 27 94 174 95 0
0 186 105 0 57 126 2 0
0 177 55 93 7 5 15 0
0 136 152 157 123 132 166 0
0 160 113 100 39 114 148 0
0 23 130 73 198 167 10 0
0 195 44 110 173 103 133 0
0 165 180 124 135 137 189 0
0 147 1 45 66 119 47 0
0 74 170 34 42 127 104 0
0 59 22 62 60 115 37 0
0 184 26 9 181 30 99 0
0 145 0
