53321.92236861009
100
0 137 220 71 0
0 77 205 135 0
0 93 66 234 0
0 272 172 127 0
0 0 248 57 0
0 262 292 255 0
0 279 203 28 0
0 152 277 186 0
0 125 41 143 0
0 131 58 269 0
0 187 146 80 0
0 163 276 98 0
0 247 214 20 0
0 110 148 154 0
0 7 197 30 0
0 178 13 237 0
0 75 294 72 0
0 229 150 208 0
0 35 82 49 0
0 96 166 273 0
0 116 250 204 0
0 209 157 63 0
0 107 40 134 0
0 27 241 46 0
0 254 149 62 0
0 102 242 271 0
0 87 108 21 0
0 89 48 188 0
0 201 112 253 0
0 226 251 12 0
0 130 243 76 0
0 259 101 288 0
0 210 293 132 0
0 222 295 260 0
0 268 184 26 0
0 282 232 298 0
0 284 25 161 0
0 59 14 155 0
0 123 219 115 0
0 45 104 217 0
0 156 129 61 0
0 10 74 142 0
0 119 105 171 0
0 193 16 283 0
0 54 239 33 0
0 240 88 270 0
0 91 38 231 0
0 183 218 168 0
0 4 133 194 0
0 158 42 182 0
0 195 126 120 0
0 99 160 11 0
0 297 245 111 0
0 221 64 97 0
0 170 263 3 0
0 177 162 266 0
0 212 85 206 0
0 230 202 141 0
0 15 174 246 0
0 175 31 69 0
0 79 151 37 0
0 138 52 180 0
0 86 50 36 0
0 215 265 280 0
0 103 140 24 0
0 169 95 47 0
0 90 196 118 0
0 181 139 257 0
0 94 164 70 0
0 200 216 207 0
0 191 286 51 0
0 256 60 227 0
0 285 92 236 0
0 84 258 67 0
0 144 124 289 0
0 34 190 192 0
0 73 68 106 0
0 8 128 1 0
0 261 18 244 0
0 281 159 114 0
0 228 44 199 0
0 53 43 249 0
0 167 136 278 0
0 275 296 238 0
0 274 189 290 0
0 185 100 147 0
0 29 211 233 0
0 9 267 39 0
0 224 55 109 0
0 121 145 213 0
0 198 225 235 0
0 122 17 22 0
0 2 78 153 0
0 83 264 117 0
0 81 179 173 0
0 252 19 56 0
0 287 113 5 0
0 223 23 165 0
0 291 6 32 0
0 176 65 0
