52661.51319883842
100
0 282 232 10 0
0 231 222 264 0
0 23 223 285 0
0 76 238 180 0
0 280 265 193 0
0 64 80 221 0
0 122 200 108 0
0 256 175 94 0
0 62 89 35 0
0 254 188 149 0
0 99 208 213 0
0 236 92 258 0
0 9 267 292 0
0 139 257 189 0
0 129 220 137 0
0 39 255 237 0
0 61 155 70 0
0 230 202 141 0
0 52 275 296 0
0 63 151 37 0
0 115 133 194 0
0 268 67 73 0
0 110 192 34 0
0 96 142 74 0
0 77 0 248 0
0 87 2 153 0
0 207 20 170 0
0 111 227 289 0
0 109 148 42 0
0 59 233 112 0
0 132 201 50 0
0 218 158 154 0
0 146 212 29 0
0 38 106 117 0
0 118 27 187 0
0 163 290 176 0
0 298 169 199 0
0 84 8 191 0
0 241 196 90 0
0 140 24 165 0
0 203 279 88 0
0 162 242 204 0
0 174 229 15 0
0 36 86 91 0
0 284 161 83 0
0 126 46 105 0
0 54 124 239 0
0 101 40 107 0
0 17 41 125 0
0 269 131 205 0
0 128 72 270 0
0 145 121 150 0
0 217 240 286 0
0 250 225 235 0
0 287 113 277 0
0 173 198 81 0
0 11 160 58 0
0 45 224 55 0
0 79 13 178 0
0 214 263 3 0
0 25 68 28 0
0 262 266 271 0
0 65 134 288 0
0 120 171 164 0
0 249 152 114 0
0 159 7 281 0
0 167 136 143 0
0 259 226 48 0
0 190 283 16 0
0 5 168 30 0
0 157 209 278 0
0 4 219 123 0
0 95 44 18 0
0 135 57 177 0
0 103 26 32 0
0 147 195 82 0
0 138 130 71 0
0 85 22 274 0
0 182 116 215 0
0 272 127 172 0
0 206 181 102 0
0 14 293 210 0
0 104 294 75 0
0 47 69 31 0
0 49 97 119 0
0 234 66 93 0
0 295 260 261 0
0 252 19 56 0
0 100 185 60 0
0 247 276 98 0
0 228 245 244 0
0 179 211 197 0
0 216 21 78 0
0 253 243 156 0
0 33 297 144 0
0 251 12 273 0
0 1 43 53 0
0 184 6 291 0
0 183 51 186 0
0 246 166 0
