52893.91684773717
100
0 227 261 18 0
0 121 145 142 0
0 30 168 5 0
0 225 215 250 0
0 0 9 205 0
0 40 107 288 0
0 26 32 6 0
0 212 85 118 0
0 186 51 183 0
0 254 46 97 0
0 244 199 60 0
0 237 176 98 0
0 39 272 255 0
0 228 117 295 0
0 129 50 222 0
0 262 141 163 0
0 291 103 184 0
0 284 25 285 0
0 249 277 152 0
0 104 234 66 0
0 252 263 3 0
0 172 13 127 0
0 170 41 143 0
0 35 82 180 0
0 278 136 276 0
0 191 128 43 0
0 80 64 138 0
0 123 275 296 0
0 185 273 100 0
0 139 257 271 0
0 217 270 240 0
0 75 294 88 0
0 23 223 161 0
0 149 219 243 0
0 167 157 209 0
0 216 21 193 0
0 102 204 122 0
0 189 214 247 0
0 187 146 71 0
0 159 113 287 0
0 114 286 8 0
0 14 210 293 0
0 137 233 59 0
0 160 58 269 0
0 112 132 201 0
0 20 207 81 0
0 65 134 4 0
0 61 86 38 0
0 15 232 10 0
0 131 77 135 0
0 78 125 153 0
0 73 68 53 0
0 236 92 258 0
0 198 235 173 0
0 281 197 7 0
0 42 280 87 0
0 76 238 253 0
0 195 147 120 0
0 274 22 17 0
0 265 283 16 0
0 155 91 36 0
0 74 213 282 0
0 106 264 83 0
0 289 144 124 0
0 34 190 154 0
0 72 203 279 0
0 48 259 52 0
0 165 140 260 0
0 220 130 156 0
0 150 229 174 0
0 297 54 239 0
0 169 166 96 0
0 19 56 230 0
0 28 1 84 0
0 251 226 188 0
0 246 99 12 0
0 178 63 290 0
0 267 292 202 0
0 221 164 70 0
0 90 196 241 0
0 47 69 49 0
0 93 55 224 0
0 162 57 248 0
0 44 298 95 0
0 177 266 242 0
0 208 11 101 0
0 29 211 179 0
0 62 89 119 0
0 200 108 2 0
0 182 116 218 0
0 245 33 111 0
0 171 105 126 0
0 45 109 148 0
0 94 175 256 0
0 110 192 158 0
0 115 194 133 0
0 206 181 27 0
0 24 268 67 0
0 37 151 79 0
0 31 231 0
