52887.85942271466
100
0 205 131 107 0
0 292 267 262 0
0 62 259 188 0
0 278 136 167 0
0 35 147 89 0
0 189 257 123 0
0 236 1 258 0
0 118 196 90 0
0 246 134 101 0
0 297 239 124 0
0 184 6 268 0
0 70 64 221 0
0 215 87 280 0
0 145 232 74 0
0 212 85 29 0
0 32 26 291 0
0 71 130 164 0
0 65 288 40 0
0 63 157 209 0
0 191 217 51 0
0 140 24 222 0
0 242 177 194 0
0 171 52 253 0
0 207 216 108 0
0 285 92 201 0
0 44 298 95 0
0 152 277 281 0
0 240 270 186 0
0 220 59 233 0
0 49 82 97 0
0 31 69 175 0
0 199 18 245 0
0 219 115 296 0
0 182 30 113 0
0 0 248 135 0
0 141 255 39 0
0 11 58 269 0
0 172 127 272 0
0 231 117 94 0
0 163 237 202 0
0 111 227 261 0
0 55 224 109 0
0 218 158 154 0
0 37 151 79 0
0 48 251 226 0
0 73 293 112 0
0 256 119 80 0
0 88 279 203 0
0 46 149 254 0
0 103 260 295 0
0 93 66 234 0
0 16 283 265 0
0 47 166 169 0
0 81 198 173 0
0 105 180 238 0
0 28 68 114 0
0 178 13 176 0
0 61 91 155 0
0 290 98 276 0
0 211 179 146 0
0 77 9 241 0
0 56 19 3 0
0 210 14 137 0
0 120 126 76 0
0 121 150 160 0
0 225 235 187 0
0 165 264 83 0
0 282 213 195 0
0 208 99 12 0
0 284 25 161 0
0 294 75 104 0
0 78 153 125 0
0 185 273 100 0
0 148 110 45 0
0 33 144 289 0
0 228 60 138 0
0 287 168 183 0
0 170 41 143 0
0 10 142 96 0
0 250 42 116 0
0 15 229 174 0
0 206 181 27 0
0 57 230 266 0
0 20 214 247 0
0 84 53 43 0
0 8 286 249 0
0 200 193 2 0
0 156 243 129 0
0 223 23 67 0
0 139 271 162 0
0 86 132 50 0
0 22 274 102 0
0 128 72 5 0
0 36 38 106 0
0 7 197 159 0
0 34 190 192 0
0 204 122 17 0
0 252 263 21 0
0 4 133 275 0
0 244 54 0
