46719.655778065346
100
0 103 316 301 294 0
0 14 285 101 192 0
0 340 146 366 8 0
0 200 69 342 60 0
0 388 376 198 45 0
0 309 35 164 149 0
0 250 387 300 99 0
0 216 292 165 282 0
0 131 239 266 208 0
0 178 336 24 72 0
0 155 141 97 278 0
0 274 271 214 128 0
0 225 188 142 92 0
0 147 100 111 183 0
0 120 7 314 13 0
0 176 148 329 270 0
0 235 229 210 25 0
0 269 313 203 233 0
0 36 55 182 297 0
0 374 106 306 90 0
0 126 257 19 11 0
0 157 357 85 156 0
0 185 372 129 51 0
0 52 30 23 211 0
0 64 244 15 18 0
0 73 93 241 277 0
0 325 330 253 246 0
0 323 46 1 228 0
0 296 255 98 291 0
0 75 341 181 121 0
0 288 50 258 397 0
0 172 337 87 293 0
0 281 117 62 122 0
0 58 144 396 91 0
0 375 143 105 254 0
0 207 221 20 324 0
0 333 395 230 102 0
0 118 84 312 279 0
0 382 94 370 238 0
0 57 167 334 161 0
0 391 321 209 66 0
0 28 53 343 224 0
0 362 286 310 265 0
0 349 114 223 352 0
0 112 347 48 344 0
0 127 335 205 96 0
0 320 80 9 346 0
0 389 171 199 56 0
0 162 318 319 226 0
0 195 237 124 22 0
0 166 40 202 88 0
0 47 76 44 378 0
0 204 218 116 287 0
0 34 267 82 115 0
0 234 6 213 33 0
0 355 180 390 2 0
0 27 275 381 134 0
0 219 361 21 290 0
0 353 31 384 37 0
0 262 365 392 273 0
0 327 268 373 252 0
0 89 232 339 104 0
0 295 243 303 16 0
0 174 360 299 158 0
0 113 242 160 247 0
0 212 380 227 163 0
0 173 371 194 65 0
0 394 379 206 364 0
0 249 298 74 159 0
0 187 41 326 68 0
0 354 179 304 196 0
0 222 32 261 3 0
0 108 332 193 251 0
0 284 272 38 139 0
0 0 140 49 70 0
0 359 169 383 125 0
0 133 331 363 260 0
0 186 109 283 259 0
0 191 71 190 43 0
0 151 5 308 356 0
0 377 67 63 130 0
0 4 315 12 369 0
0 189 132 154 42 0
0 264 79 54 311 0
0 26 231 248 201 0
0 107 305 350 386 0
0 78 256 215 302 0
0 39 322 385 123 0
0 345 280 367 61 0
0 184 217 236 153 0
0 150 348 81 276 0
0 10 175 136 177 0
0 351 289 263 59 0
0 197 368 170 152 0
0 338 110 168 358 0
0 135 145 240 138 0
0 29 77 86 393 0
0 95 328 245 398 0
0 307 317 83 17 0
0 220 137 119 0
