40334.61830894321
80
0 361 310 286 371 113 0
0 275 134 104 151 65 0
0 303 85 57 145 240 0
0 96 290 311 248 201 0
0 356 176 155 351 360 0
0 324 221 59 207 289 0
0 314 166 15 34 41 0
0 184 397 217 236 29 0
0 199 389 171 216 56 0
0 395 36 187 396 13 0
0 196 304 377 323 46 0
0 61 186 109 367 75 0
0 129 271 37 250 336 0
0 136 175 10 108 79 0
0 140 398 116 218 204 0
0 87 293 227 163 337 0
0 256 2 177 251 231 0
0 83 64 244 267 82 0
0 382 330 370 238 8 0
0 60 23 14 101 285 0
0 132 98 146 42 192 0
0 121 181 33 63 388 0
0 331 95 328 50 258 0
0 208 266 239 167 156 0
0 359 125 169 313 0 0
0 345 280 84 317 358 0
0 306 49 153 380 364 0
0 334 376 72 128 214 0
0 92 142 247 160 193 0
0 39 385 378 76 182 0
0 390 180 355 26 219 0
0 172 245 152 170 174 0
0 161 224 53 179 272 0
0 86 149 342 259 30 0
0 18 255 326 68 154 0
0 99 300 353 24 135 0
0 80 320 229 93 173 0
0 279 150 312 120 7 0
0 297 223 114 349 291 0
0 243 295 127 205 3 0
0 115 88 40 202 296 0
0 147 188 225 391 194 0
0 105 309 70 287 77 0
0 277 242 21 265 89 0
0 178 31 384 274 354 0
0 71 191 329 270 281 0
0 47 94 228 322 45 0
0 58 144 91 112 338 0
0 261 32 264 54 222 0
0 90 110 168 106 143 0
0 254 268 373 252 393 0
0 319 318 269 327 203 0
0 234 365 102 230 333 0
0 226 78 25 73 235 0
0 249 294 298 74 159 0
0 124 363 197 368 288 0
0 335 19 220 11 126 0
0 185 372 51 130 198 0
0 100 111 183 321 210 0
0 348 81 276 52 35 0
0 315 12 139 369 38 0
0 344 200 212 69 164 0
0 4 374 375 162 27 0
0 55 340 366 352 44 0
0 17 394 379 273 206 0
0 343 67 213 1 123 0
0 103 301 316 387 284 0
0 257 332 165 292 137 0
0 158 381 22 260 383 0
0 138 215 282 302 119 0
0 307 347 48 118 211 0
0 325 253 246 350 386 0
0 308 141 209 278 97 0
0 148 117 122 62 66 0
0 262 392 341 107 305 0
0 195 237 133 43 5 0
0 346 339 232 362 241 0
0 16 28 157 357 131 0
0 9 299 20 190 263 0
0 283 189 233 6 0
