59291.34643195392
133
0 258 170 50 0
0 110 112 307 0
0 76 238 370 0
0 102 75 12 0
0 227 77 380 0
0 397 288 383 0
0 300 103 99 0
0 219 362 93 0
0 232 194 371 0
0 36 187 396 0
0 204 218 140 0
0 393 69 212 0
0 327 203 359 0
0 26 282 302 0
0 387 250 353 0
0 208 239 178 0
0 193 108 220 0
0 129 214 72 0
0 45 130 67 0
0 43 190 20 0
0 27 275 80 0
0 304 196 161 0
0 134 158 169 0
0 60 150 279 0
0 364 206 394 0
0 207 263 346 0
0 98 146 352 0
0 225 100 111 0
0 37 128 271 0
0 324 59 221 0
0 105 143 162 0
0 379 369 262 0
0 375 318 319 0
0 139 38 224 0
0 119 96 241 0
0 347 118 211 0
0 198 376 388 0
0 182 55 42 0
0 299 351 289 0
0 270 176 141 0
0 338 17 16 0
0 185 274 24 0
0 344 200 48 0
0 233 184 0 0
0 342 259 186 0
0 348 101 285 0
0 257 56 266 0
0 268 373 252 0
0 123 385 228 0
0 15 166 276 0
0 165 216 199 0
0 316 301 159 0
0 378 44 350 0
0 174 9 104 0
0 273 395 144 0
0 315 234 28 0
0 314 192 312 0
0 321 183 286 0
0 4 374 226 0
0 73 210 235 0
0 389 171 294 0
0 92 142 188 0
0 95 328 197 0
0 19 11 85 0
0 308 5 151 0
0 138 243 78 0
0 126 335 157 0
0 132 326 68 0
0 337 116 87 0
0 53 145 357 0
0 41 253 305 0
0 86 149 164 0
0 107 46 323 0
0 23 14 30 0
0 398 163 217 0
0 156 334 240 0
0 39 322 1 0
0 340 223 8 0
0 172 245 152 0
0 35 287 70 0
0 64 189 13 0
0 249 298 74 0
0 358 90 306 0
0 339 356 155 0
0 7 120 317 0
0 381 124 22 0
0 3 290 242 0
0 33 213 6 0
0 32 247 160 0
0 201 261 248 0
0 343 354 179 0
0 272 284 135 0
0 231 251 256 0
0 63 51 372 0
0 202 291 255 0
0 363 331 368 0
0 246 94 386 0
0 136 10 175 0
0 147 391 65 0
0 325 121 230 0
0 177 2 173 0
0 54 222 310 0
0 117 281 97 0
0 280 367 61 0
0 254 106 168 0
0 267 115 88 0
0 336 384 31 0
0 180 127 295 0
0 313 260 125 0
0 382 330 47 0
0 236 153 49 0
0 122 62 66 0
0 297 154 296 0
0 21 265 361 0
0 320 89 229 0
0 82 40 81 0
0 349 114 366 0
0 195 133 237 0
0 71 191 329 0
0 303 167 57 0
0 309 269 360 0
0 365 392 377 0
0 341 181 58 0
0 83 84 345 0
0 29 293 244 0
0 355 390 205 0
0 34 18 333 0
0 264 79 292 0
0 148 278 209 0
0 283 109 52 0
0 137 332 131 0
0 25 113 277 0
0 91 215 311 0
