35663.56603657348
67
0 159 74 298 37 333 144 0
0 49 287 29 218 116 337 0
0 307 317 345 280 118 105 0
0 123 228 350 238 76 352 0
0 226 57 167 135 157 85 0
0 210 229 93 232 339 151 0
0 156 284 272 343 38 369 0
0 219 362 371 65 194 308 0
0 246 55 42 146 98 255 0
0 109 14 192 314 13 396 0
0 374 254 309 252 373 327 0
0 364 206 83 279 60 84 0
0 394 267 326 296 91 58 0
0 379 75 181 325 41 132 0
0 147 92 225 111 100 188 0
0 370 8 223 366 340 182 0
0 242 96 3 290 21 173 0
0 79 137 292 165 332 257 0
0 155 176 270 148 141 241 0
0 104 207 221 59 263 5 0
0 113 361 310 391 321 183 0
0 251 177 261 311 119 277 0
0 330 297 154 68 18 187 0
0 31 384 250 316 301 294 0
0 273 230 395 36 15 166 0
0 28 196 323 322 385 198 0
0 388 72 376 130 51 63 0
0 70 153 217 236 397 184 0
0 25 235 89 73 320 80 0
0 318 359 125 260 22 158 0
0 9 174 134 319 162 143 0
0 392 107 94 386 44 378 0
0 161 234 12 344 200 69 0
0 27 275 299 289 360 286 0
0 64 285 276 81 348 312 0
0 0 245 152 170 258 381 0
0 393 164 380 35 212 48 0
0 224 139 6 377 46 341 0
0 195 237 363 95 328 197 0
0 102 121 253 382 262 315 0
0 269 169 383 50 368 331 0
0 77 227 163 398 172 288 0
0 390 175 10 193 136 2 0
0 356 97 278 122 62 281 0
0 4 78 243 303 334 240 0
0 138 256 215 282 302 375 0
0 32 247 160 222 54 264 0
0 26 231 127 205 355 201 0
0 259 283 186 293 87 204 0
0 150 7 120 52 30 112 0
0 126 19 220 56 11 335 0
0 324 191 190 43 20 351 0
0 16 53 179 67 45 39 0
0 180 108 216 103 300 353 0
0 346 329 117 209 66 142 0
0 268 203 313 124 133 71 0
0 140 233 86 149 342 23 0
0 295 131 239 266 336 274 0
0 106 306 168 110 90 358 0
0 189 244 115 88 40 101 0
0 365 213 1 33 305 47 0
0 208 199 389 171 387 129 0
0 354 372 271 214 128 304 0
0 338 17 347 211 61 367 0
0 185 24 99 178 357 145 0
0 34 82 202 291 114 349 0
0 265 249 248 0
