63224.93679270783
84
0 315 225 222 254 299 296 0
0 58 224 413 164 84 342 0
0 4 334 285 387 490 91 0
0 132 335 407 176 375 464 0
0 172 250 392 167 114 104 0
0 70 220 425 221 153 22 0
0 72 44 199 417 229 160 0
0 200 411 423 191 69 430 0
0 142 45 86 246 67 99 0
0 227 433 245 108 154 47 0
0 94 248 126 468 64 474 0
0 158 5 210 403 51 135 0
0 140 90 30 247 25 255 0
0 137 485 196 38 61 311 0
0 463 497 92 98 408 170 0
0 269 201 34 262 251 447 0
0 331 491 253 165 159 429 0
0 310 267 319 402 234 371 0
0 477 131 183 103 385 421 0
0 440 123 74 404 307 2 0
0 286 190 119 192 292 213 0
0 451 471 50 226 345 298 0
0 379 20 53 17 458 401 0
0 448 65 148 147 112 330 0
0 218 219 332 288 289 79 0
0 325 37 83 450 363 396 0
0 386 168 256 43 118 271 0
0 162 492 10 293 467 482 0
0 235 106 93 272 333 442 0
0 28 27 406 6 449 340 0
0 242 266 326 182 313 282 0
0 113 68 453 54 8 357 0
0 422 270 306 456 60 328 0
0 129 186 414 12 214 149 0
0 264 291 97 452 360 26 0
0 273 185 290 203 80 361 0
0 496 358 121 462 384 279 0
0 443 105 236 373 204 174 0
0 42 1 484 52 297 85 0
0 228 237 145 341 163 412 0
0 465 230 353 40 82 134 0
0 195 24 356 309 258 495 0
0 166 78 15 49 487 460 0
0 46 415 3 146 205 284 0
0 395 19 473 365 478 354 0
0 9 57 216 169 454 139 0
0 128 115 302 494 316 303 0
0 257 300 489 155 479 32 0
0 416 120 133 343 377 359 0
0 261 152 476 336 418 188 0
0 393 156 389 323 178 394 0
0 95 350 215 346 87 481 0
0 446 399 301 23 434 295 0
0 249 73 445 217 41 100 0
0 130 436 426 71 101 76 0
0 150 21 48 281 161 339 0
0 431 243 110 77 344 435 0
0 252 206 14 117 265 233 0
0 193 238 488 327 337 276 0
0 439 88 480 369 31 7 0
0 274 400 197 127 89 322 0
0 62 381 321 39 0 374 0
0 171 483 151 378 388 475 0
0 157 212 198 305 259 304 0
0 424 362 239 260 398 317 0
0 277 187 498 207 59 355 0
0 278 320 231 432 232 111 0
0 18 138 428 181 268 107 0
0 35 329 33 493 390 194 0
0 109 55 314 368 208 370 0
0 280 143 11 312 348 141 0
0 16 459 56 461 184 275 0
0 144 66 96 136 180 124 0
0 349 427 420 437 29 486 0
0 263 209 287 116 469 397 0
0 294 441 175 122 372 366 0
0 202 376 13 470 338 308 0
0 382 409 244 410 352 63 0
0 240 438 364 444 75 391 0
0 457 455 466 189 102 318 0
0 283 223 173 472 367 211 0
0 36 419 125 351 383 347 0
0 380 81 177 179 405 324 0
0 241 0
