72618.56793865553
100
0 197 137 446 195 142 0
0 429 165 341 95 87 0
0 258 123 388 116 158 0
0 192 227 433 268 428 0
0 7 6 99 243 67 0
0 250 131 183 103 385 0
0 283 356 33 265 242 0
0 134 302 188 240 28 0
0 332 288 370 379 274 0
0 64 204 423 411 383 0
0 286 276 337 490 334 0
0 425 3 319 402 294 0
0 488 144 66 361 106 0
0 181 382 245 342 70 0
0 495 262 251 266 436 0
0 83 364 438 331 187 0
0 293 10 371 16 174 0
0 430 105 241 56 359 0
0 492 69 236 461 191 0
0 414 460 81 380 182 0
0 473 170 159 318 102 0
0 498 401 112 357 330 0
0 54 8 323 481 494 0
0 439 272 304 480 208 0
0 210 403 215 346 51 0
0 333 270 205 146 452 0
0 369 86 127 45 153 0
0 260 398 372 122 441 0
0 447 313 186 282 326 0
0 355 163 253 145 189 0
0 437 237 345 298 350 0
0 58 1 206 14 211 0
0 111 420 432 320 231 0
0 405 177 496 358 462 0
0 220 328 60 94 32 0
0 117 71 101 166 421 0
0 219 431 368 27 13 0
0 396 353 113 455 448 0
0 65 148 147 303 316 0
0 424 362 299 296 468 0
0 43 483 269 440 390 0
0 78 12 49 487 179 0
0 108 140 141 474 280 0
0 305 464 463 349 233 0
0 324 2 307 404 469 0
0 321 154 306 107 422 0
0 230 17 100 38 73 0
0 427 278 232 98 92 0
0 308 88 31 340 449 0
0 36 264 300 35 139 0
0 132 375 196 226 497 0
0 450 40 393 156 444 0
0 416 409 244 312 348 0
0 218 482 235 203 387 0
0 29 228 453 491 412 0
0 247 377 120 133 343 0
0 279 477 15 121 384 0
0 238 442 18 119 79 0
0 347 410 255 25 373 0
0 48 281 91 285 161 0
0 419 291 126 143 11 0
0 97 310 155 489 23 0
0 386 168 256 176 407 0
0 399 301 454 329 50 0
0 26 360 257 9 479 0
0 335 209 171 151 378 0
0 376 457 277 82 314 0
0 136 180 109 55 325 0
0 164 413 84 52 297 0
0 248 275 352 85 459 0
0 311 287 397 475 74 0
0 46 451 471 118 24 0
0 456 162 90 30 443 0
0 44 252 172 175 184 0
0 417 114 167 392 485 0
0 152 261 80 339 4 0
0 150 21 290 185 273 0
0 124 22 221 415 400 0
0 39 47 0 213 190 0
0 37 389 178 135 466 0
0 295 315 225 224 63 0
0 391 354 478 365 19 0
0 394 207 59 5 336 0
0 96 406 338 470 465 0
0 259 435 77 344 445 0
0 202 128 115 418 476 0
0 53 249 41 217 61 0
0 62 292 374 327 193 0
0 173 472 199 76 201 0
0 75 68 458 395 486 0
0 309 34 129 214 149 0
0 169 130 72 434 216 0
0 93 322 89 198 157 0
0 223 367 426 493 263 0
0 246 271 110 212 363 0
0 239 254 317 366 222 0
0 42 160 229 104 484 0
0 289 467 284 381 138 0
0 125 351 267 234 200 0
0 20 57 194 408 0
