111339.97361968433
167
0 338 470 340 0
0 67 99 370 0
0 287 116 432 0
0 173 472 1 0
0 476 336 115 0
0 410 347 141 0
0 377 461 296 0
0 384 121 496 0
0 458 233 249 0
0 478 437 365 0
0 153 221 425 0
0 482 281 4 0
0 76 149 436 0
0 195 257 9 0
0 247 143 468 0
0 485 35 479 0
0 371 64 30 0
0 39 47 0 0
0 235 66 193 0
0 244 416 409 0
0 133 343 120 0
0 367 426 211 0
0 445 38 61 0
0 439 136 218 0
0 455 389 364 0
0 329 454 155 0
0 261 152 490 0
0 170 420 349 0
0 210 350 403 0
0 288 208 332 0
0 93 7 124 0
0 41 226 217 0
0 293 10 60 0
0 314 277 494 0
0 72 44 319 0
0 228 354 473 0
0 374 213 292 0
0 421 33 117 0
0 81 177 214 0
0 362 260 239 0
0 11 312 348 0
0 161 339 334 0
0 313 186 282 0
0 89 246 86 0
0 484 164 413 0
0 168 256 386 0
0 105 69 459 0
0 323 215 95 0
0 135 466 83 0
0 372 317 366 0
0 178 355 357 0
0 54 8 491 0
0 418 188 302 0
0 138 190 18 0
0 395 486 40 0
0 219 180 96 0
0 271 259 139 0
0 165 341 145 0
0 36 205 146 0
0 109 465 6 0
0 270 70 220 0
0 88 304 31 0
0 53 305 132 0
0 255 25 140 0
0 156 393 450 0
0 125 248 94 0
0 79 428 181 0
0 483 151 378 0
0 453 408 427 0
0 19 463 73 0
0 331 448 187 0
0 158 112 147 0
0 207 481 394 0
0 201 495 309 0
0 477 114 167 0
0 469 404 307 0
0 182 266 326 0
0 176 335 263 0
0 283 223 489 0
0 209 388 397 0
0 179 462 358 0
0 360 452 26 0
0 27 28 376 0
0 284 154 456 0
0 435 50 301 0
0 243 20 480 0
0 202 80 285 0
0 381 467 321 0
0 56 241 204 0
0 216 434 42 0
0 206 160 250 0
0 119 192 245 0
0 127 137 446 0
0 63 310 97 0
0 449 400 46 0
0 162 90 492 0
0 398 122 441 0
0 59 330 5 0
0 224 84 52 0
0 423 191 411 0
0 34 129 78 0
0 475 405 251 0
0 278 232 237 0
0 315 297 225 0
0 298 320 231 0
0 102 318 345 0
0 273 21 48 0
0 493 242 265 0
0 65 148 303 0
0 230 353 363 0
0 342 328 32 0
0 327 442 62 0
0 269 166 447 0
0 199 14 58 0
0 431 379 274 0
0 57 130 23 0
0 272 308 422 0
0 185 290 144 0
0 134 128 203 0
0 24 356 169 0
0 12 49 487 0
0 68 29 391 0
0 113 17 100 0
0 267 234 352 0
0 142 45 3 0
0 333 22 289 0
0 438 37 240 0
0 444 75 157 0
0 280 474 382 0
0 104 229 417 0
0 406 368 13 0
0 390 171 440 0
0 415 197 369 0
0 385 103 392 0
0 488 238 150 0
0 55 396 322 0
0 325 457 106 0
0 346 51 87 0
0 198 212 399 0
0 74 324 2 0
0 316 498 82 0
0 126 16 443 0
0 189 159 429 0
0 286 276 337 0
0 451 471 300 0
0 253 163 412 0
0 464 196 375 0
0 98 92 311 0
0 383 275 351 0
0 252 172 424 0
0 222 254 295 0
0 227 433 268 0
0 264 419 291 0
0 361 387 91 0
0 402 294 236 0
0 460 414 380 0
0 118 43 194 0
0 111 497 407 0
0 15 183 131 0
0 175 299 184 0
0 123 262 258 0
0 279 71 101 0
0 174 359 373 0
0 110 77 344 0
0 85 430 200 0
0 108 306 107 0
0 401 0
