86824.02954624311
125
0 406 465 109 314 0
0 342 321 162 492 0
0 202 332 288 376 0
0 454 223 426 367 0
0 421 493 265 242 0
0 75 233 365 354 0
0 479 155 489 319 0
0 114 103 183 15 0
0 111 420 278 232 0
0 363 353 450 208 0
0 399 301 451 471 0
0 212 53 132 344 0
0 273 48 290 185 0
0 416 244 409 30 0
0 187 448 498 188 0
0 276 327 62 18 0
0 45 137 425 192 0
0 25 373 377 359 0
0 237 231 320 432 0
0 37 394 331 336 0
0 66 218 482 4 0
0 264 419 97 310 0
0 250 417 104 229 0
0 322 198 157 274 0
0 309 326 182 266 0
0 227 433 456 154 0
0 388 475 123 495 0
0 189 341 145 466 0
0 279 392 167 131 0
0 195 35 485 259 0
0 329 356 211 117 0
0 224 297 225 315 0
0 71 101 78 12 0
0 136 272 124 308 0
0 94 36 32 306 0
0 317 366 413 164 0
0 217 226 61 305 0
0 29 453 54 8 0
0 434 72 199 14 0
0 429 318 102 165 0
0 170 408 98 92 0
0 140 382 245 268 0
0 150 286 21 337 0
0 346 51 355 437 0
0 13 457 325 368 0
0 370 379 6 400 0
0 10 293 248 291 0
0 494 240 243 67 0
0 129 282 186 380 0
0 449 340 415 221 0
0 298 345 116 324 0
0 323 412 491 389 0
0 393 455 156 135 0
0 55 82 277 261 0
0 238 488 422 193 0
0 38 41 445 73 0
0 28 134 128 27 0
0 357 87 178 391 0
0 247 133 120 174 0
0 262 121 462 179 0
0 246 127 86 369 0
0 311 287 397 151 0
0 180 93 7 361 0
0 396 230 486 395 0
0 125 267 234 85 0
0 52 484 84 175 0
0 190 79 119 213 0
0 294 299 184 69 0
0 443 459 204 255 0
0 16 126 468 371 0
0 42 172 252 206 0
0 200 423 411 191 0
0 381 428 181 0 0
0 333 22 31 304 0
0 469 307 404 378 0
0 17 19 113 40 0
0 256 43 118 194 0
0 144 235 161 281 0
0 444 68 458 228 0
0 390 440 171 263 0
0 83 364 438 115 0
0 424 362 260 239 0
0 349 427 497 464 0
0 302 418 476 152 0
0 196 483 209 269 0
0 316 148 65 112 0
0 330 5 147 303 0
0 463 249 100 146 0
0 289 46 480 88 0
0 74 2 405 251 0
0 351 275 352 402 0
0 295 58 222 441 0
0 205 63 216 130 0
0 203 80 339 91 0
0 375 176 407 335 0
0 24 33 436 76 0
0 1 160 472 173 0
0 383 430 296 105 0
0 9 257 300 446 0
0 401 481 59 207 0
0 431 99 470 338 0
0 313 414 460 358 0
0 201 34 447 166 0
0 236 241 56 461 0
0 210 403 215 350 0
0 64 90 280 141 0
0 20 271 89 197 0
0 110 435 139 142 0
0 107 108 60 328 0
0 258 177 384 496 0
0 70 270 220 153 0
0 95 163 253 478 0
0 442 138 374 292 0
0 23 57 169 283 0
0 122 372 254 398 0
0 106 219 387 490 0
0 50 386 168 77 0
0 477 385 49 214 0
0 26 360 452 3 0
0 439 96 285 334 0
0 39 47 284 467 0
0 474 347 410 143 0
0 11 312 348 343 0
0 44 149 487 81 0
0 158 159 473 0
