3
317 401
50 288
487 166
211 33
155 39
143 313
342 140
493 388
316 165
455 121
23 275
156 466
20 370
80 373
8 123
323 216
61 498
232 14
196 109
339 486
88 58
134 113
182 63
144 157
471 267
455 367
447 239
485 401
247 257
442 201
283 198
317 141
244 414
496 399
392 490
291 25
195 405
348 348
30 93
377 345
14 193
56 340
136 3
292 74
489 162
291 491
373 63
200 365
251 439
145 347
236 403
359 316
365 121
223 296
489 165
453 481
397 10
77 56
78 256
6 341
287 240
304 438
334 346
178 342
15 93
271 347
90 355
397 42
484 305
427 197
255 407
311 377
301 281
457 86
377 236
150 470
423 37
241 348
20 308
179 19
36 100
267 350
256 179
202 403
437 288
482 166
244 217
358 333
232 92
469 61
174 349
239 233
331 346
480 193
406 54
295 379
262 466
220 488
232 389
53 131
52 386
170 414
70 346
183 260
451 385
384 89
225 363
385 335
53 338
204 82
349 43
353 22
344 455
333 255
346 142
397 162
154 280
307 102
395 356
239 255
248 381
223 377
44 425
209 132
173 291
496 472
165 3
213 369
15 142
470 110
312 309
301 285
33 343
355 264
143 289
74 345
71 302
43 38
321 264
283 318
121 188
446 365
35 198
126 494
126 11
446 451
46 443
266 240
177 385
345 37
180 341
8 439
25 87
367 143
178 14
311 70
321 364
294 309
9 65
325 62
331 158
4 377
443 269
91 245
68 180
282 360
433 352
218 499
39 68
337 132
258 487
148 68
233 355
15 140
271 183
43 483
287 397
47 166
110 245
9 118
275 180
229 345
206 258
309 132
346 115
487 369
195 422
366 125
264 246
179 339
128 164
311 13
436 142
312 13
222 29
142 275
191 392
234 237
320 156
248 167
304 495
202 84
352 271
31 199
498 78
185 173
51 307
218 262
171 113
43 408
21 63
338 204
297 163
262 225
79 440
106 116
250 104
185 88
389 103
335 104
164 299
306 267
271 354
417 370
475 243
393 23
259 128
139 351
364 454
299 441
23 499
60 218
394 388
76 478
306 245
388 55
257 138
472 191
46 173
239 318
463 497
429 102
233 254
114 212
280 292
353 492
363 478
90 398
105 124
53 285
394 180
282 124
118 355
94 65
249 302
202 342
24 187
307 407
117 183
490 181
144 325
428 379
354 475
66 226
121 47
430 305
233 39
77 218
31 209
480 347
24 347
441 92
97 199
4 170
164 421
151 170
193 276
52 131
368 134
55 6
490 77
232 62
317 180
100 450
233 12
434 260
488 208
438 123
349 153
83 336
435 442
63 142
456 407
34 206
337 214
432 48
425 373
201 281
431 479
265 470
