5
288 211
167 105
183 441
412 283
415 220
278 207
387 79
232 379
59 290
82 480
319 125
448 346
401 374
238 302
115 330
14 264
43 342
277 276
243 234
81 359
422 361
338 40
419 205
250 67
34 243
346 430
343 193
361 268
278 156
270 296
60 82
31 252
337 446
481 275
171 430
62 364
127 162
140 353
333 497
247 339
196 473
14 370
103 385
48 449
319 23
116 482
220 481
231 396
151 424
133 217
126 127
204 31
236 465
45 262
275 356
489 330
67 454
426 381
316 348
169 288
366 44
90 273
77 217
490 6
221 460
84 303
422 140
490 65
248 414
42 426
118 183
133 132
358 11
278 468
332 169
482 486
184 354
92 485
69 74
307 236
495 347
315 142
14 328
35 376
131 269
99 266
319 347
99 136
33 93
20 373
354 163
228 229
123 323
481 216
365 172
127 447
257 9
401 221
479 42
21 448
363 414
483 148
20 319
183 346
377 429
327 120
230 181
231 203
194 391
453 364
16 204
213 224
480 142
172 241
354 211
11 483
26 376
30 9
470 8
117 242
402 224
56 271
151 369
481 12
164 458
269 49
240 76
384 340
365 331
295 494
293 432
232 470
351 367
74 395
304 20
285 107
309 369
435 330
479 365
327 247
238 319
149 111
457 37
493 211
246 165
132 316
317 363
29 466
431 178
456 27
82 147
87 293
381 89
161 1
99 98
59 429
430 57
289 322
328 352
276 106
461 464
494 268
255 295
262 148
71 56
106 159
473 383
38 340
314 353
205 219
227 83
179 5
432 441
128 48
385 161
310 122
447 348
447 30
410 291
342 383
264 371
388 319
153 373
79 458
459 125
152 80
309 401
37 184
120 352
486 174
70 329
338 12
389 5
53 304
459 334
416 145
297 71
258 357
222 1
248 495
439 419
155 215
446 254
19 384
189 98
92 18
375 324
193 265
358 57
374 367
495 41
351 190
114 225
133 182
184 429
299 477
402 251
460 415
115 75
57 0
366 183
429 388
362 40
498 299
54 479
250 315
493 171
286 240
76 65
155 470
359 179
156 349
362 279
366 137
132 103
248 298
355 176
112 82
282 56
103 469
370 382
314 362
369 177
376 209
317 294
53 331
123 4
123 436
494 260
451 259
416 485
351 458
382 289
157 159
116 409
248 189
36 403
392 262
443 357
174 26
65 188
234 69
475 258
218 328
370 58
486 338
414 195
373 386
50 377
186 137
216 114
448 16
304 459
280 369
186 316
322 415
281 141
9 320
357 207
491 37
111 291
104 250
471 18
406 248
30 201
282 368
21 319
415 166
112 122
224 40
350 85
418 216
0 420
490 391
20 92
427 475
331 302
44 400
83 422
469 498
329 79
361 435
399 479
410 242
300 317
253 367
173 412
214 214
154 240
396 85
221 173
412 176
461 256
77 280
200 88
71 308
246 282
391 490
129 250
265 133
266 142
317 150
457 132
190 468
229 395
350 44
140 381
41 414
196 123
247 2
437 2
120 402
266 17
466 372
155 338
294 348
376 342
343 407
40 26
246 230
370 130
55 462
174 376
80 172
276 365
164 224
113 252
331 136
135 231
15 333
1 456
127 476
355 91
82 470
349 430
277 390
388 313
439 89
334 364
230 230
234 88
339 97
402 195
371 170
264 27
195 265
211 336
44 474
65 218
213 6
227 328
108 457
414 155
296 418
173 134
258 206
253 166
271 468
236 385
125 496
213 301
93 153
288 87
144 388
221 67
333 457
182 496
121 475
365 453
276 455
430 440
395 317
431 153
201 355
147 170
228 262
152 349
121 338
151 69
72 50
