5
438 49
285 41
87 241
176 486
241 177
478 58
492 423
369 188
373 125
403 434
219 221
216 103
119 25
62 418
434 195
76 311
41 418
135 84
301 359
366 35
322 380
342 226
437 10
336 110
167 249
213 326
92 57
240 193
442 206
445 195
361 380
153 54
322 161
229 122
162 345
149 415
232 241
221 130
429 307
268 372
293 52
379 316
278 379
131 233
217 319
106 290
271 197
306 165
289 49
487 10
55 415
233 299
463 446
34 261
313 326
397 429
409 259
28 129
148 257
97 235
453 415
253 124
264 379
385 38
186 189
154 65
480 357
428 61
351 218
350 378
57 125
289 95
74 393
127 265
278 370
198 465
372 349
103 329
274 293
62 407
337 12
484 158
65 466
428 264
416 312
10 270
116 128
294 211
473 426
341 133
315 240
161 61
476 102
268 450
381 128
239 118
441 472
403 86
199 158
288 433
351 216
288 362
72 388
373 495
6 418
5 293
63 131
430 114
259 48
226 43
396 236
297 269
299 407
476 398
356 346
19 381
472 248
254 471
121 352
222 309
335 1
2 13
40 497
32 195
170 436
364 102
173 149
144 79
274 217
465 214
118 434
146 260
19 407
257 330
13 12
465 224
425 404
384 107
253 207
353 26
269 253
181 50
173 42
273 193
126 48
429 62
400 474
231 173
487 376
485 358
82 342
434 31
207 410
484 181
296 110
253 56
182 234
411 360
356 269
461 348
362 476
33 294
496 62
217 61
430 479
4 280
385 480
124 387
23 386
231 321
171 264
317 408
207 366
70 274
81 312
91 55
36 191
248 352
58 464
433 412
56 473
381 120
252 8
114 422
17 414
47 165
460 21
81 453
463 288
480 280
380 455
348 8
30 111
305 0
431 52
226 308
253 220
266 362
302 189
336 280
82 319
70 113
171 396
450 155
478 117
93 77
221 161
67 299
451 381
425 194
214 393
498 464
145 326
342 291
324 22
71 415
463 467
144 259
275 377
451 53
415 136
280 93
301 149
41 220
157 280
31 241
42 251
273 394
238 29
367 399
18 306
343 312
275 487
300 440
339 381
139 149
437 93
35 140
348 447
420 43
73 217
432 294
34 128
139 375
354 231
140 13
216 28
297 228
111 40
196 124
290 361
39 326
138 446
70 291
420 481
38 215
95 58
223 327
219 225
163 414
273 261
70 212
483 174
146 443
221 384
206 144
147 363
115 414
150 155
251 29
191 366
299 89
300 257
369 112
445 20
379 159
146 128
384 6
446 268
299 440
63 365
170 49
479 41
98 447
175 288
304 58
488 98
422 11
247 459
432 170
347 63
465 28
191 155
329 20
217 97
86 173
107 215
72 136
32 257
338 489
45 174
205 233
215 252
474 275
499 363
326 157
290 321
240 56
211 496
361 107
161 392
184 160
254 408
101 6
96 441
427 255
47 254
496 332
10 201
365 491
154 203
280 484
270 59
339 253
422 433
182 486
435 236
112 416
392 30
263 112
197 284
475 413
447 312
436 168
364 87
487 81
226 371
481 262
403 16
382 210
498 109
333 194
399 477
276 77
13 16
264 310
322 486
465 440
147 51
99 1
311 387
459 491
156 143
139 133
360 309
367 401
447 432
179 321
479 403
2 483
44 62
235 204
437 116
89 201
367 301
413 320
346 400
3 207
121 326
422 212
305 189
385 157
156 80
30 199
55 83
335 23
252 351
439 180
8 40
210 413
378 163
72 457
337 42
199 9
158 118
55 499
19 427
233 321
466 98
215 453
421 365
206 351
392 379
32 379
408 342
446 335
346 323
362 283
237 456
44 205
218 253
326 184
468 373
111 181
480 464
201 489
148 490
394 201
244 352
317 427
155 20
138 53
35 115
434 461
2 277
70 451
301 174
157 6
6 328
483 271
201 148
299 419
178 345
414 61
37 110
98 200
269 140
121 339
298 396
296 20
374 470
89 122
404 147
294 496
235 28
139 245
270 274
110 332
354 409
418 318
384 92
201 361
54 196
384 42
122 97
396 355
276 370
250 210
132 390
476 321
348 192
386 301
235 268
230 201
376 437
198 272
420 355
232 58
439 233
347 381
109 90
65 451
7 142
44 492
294 377
286 343
395 229
414 403
307 60
147 75
240 468
379 219
229 279
79 313
332 393
163 35
184 464
498 263
37 399
352 407
211 200
320 175
454 385
457 51
197 396
25 279
254 256
346 318
56 436
421 47
179 242
471 93
431 467
211 82
161 355
468 275
164 416
12 468
285 405
476 331
