3
336 381
53 35
317 273
385 95
410 350
108 3
395 84
74 466
308 469
124 89
14 300
452 11
419 499
490 439
229 436
167 431
89 303
268 443
392 37
391 135
297 417
473 330
430 86
293 124
482 247
34 220
222 19
145 168
450 68
358 441
476 371
267 293
442 344
468 321
95 301
105 211
106 23
249 107
147 228
451 13
310 27
383 105
162 109
289 415
0 238
346 240
352 205
231 173
209 38
222 358
457 96
309 31
284 196
282 381
91 261
451 405
49 437
262 151
425 144
154 297
308 229
58 126
458 440
104 398
164 78
413 113
134 223
111 166
180 125
484 194
237 45
275 158
176 332
391 267
410 437
135 370
113 443
53 279
1 51
165 472
125 387
296 142
185 395
410 149
39 160
256 213
17 78
261 265
278 347
38 338
133 26
255 187
323 257
482 123
260 344
31 400
83 216
256 387
176 166
292 304
