6
462 467
175 448
311 360
257 373
185 478
172 23
411 137
324 492
423 131
408 398
66 324
250 223
159 199
6 130
350 104
102 172
435 205
348 51
475 414
396 253
39 140
322 107
68 449
246 139
210 157
354 214
199 492
65 315
317 156
141 140
273 335
166 390
16 343
180 496
337 36
342 253
6 217
345 141
314 75
142 291
283 398
223 452
77 25
331 248
37 279
107 6
253 369
158 208
280 346
376 487
8 241
44 87
367 444
35 48
341 72
148 290
456 173
360 490
188 444
437 73
272 152
257 90
67 425
248 100
101 143
274 443
8 404
252 366
108 203
350 296
337 460
8 174
219 261
421 470
145 57
380 280
69 58
321 440
353 344
248 253
288 187
81 149
171 474
26 337
498 456
72 27
395 25
386 44
240 15
383 272
343 102
181 28
110 356
489 122
438 156
305 134
346 56
187 485
368 280
448 485
208 427
297 394
276 191
425 3
144 35
317 159
233 467
194 225
378 3
20 77
484 455
120 6
399 466
357 176
393 426
295 412
257 50
5 320
245 225
461 324
282 351
85 188
418 238
410 258
108 437
444 64
418 172
236 400
331 200
334 258
144 363
178 88
291 492
127 432
158 55
134 192
438 61
153 488
434 47
364 151
235 228
81 92
27 448
150 210
64 392
451 466
341 390
365 313
405 423
320 414
337 422
439 293
68 219
77 489
98 243
80 222
30 430
333 6
67 461
354 115
177 5
411 444
373 478
218 434
342 290
212 37
487 55
227 324
120 109
199 286
22 3
366 270
98 411
25 346
133 6
312 78
402 120
483 455
472 172
9 306
440 429
479 54
75 367
357 86
44 239
124 331
20 353
270 462
381 32
309 74
374 42
109 101
493 462
421 306
322 429
139 160
126 53
149 238
459 351
114 108
